time,bitcoin,ethereum,ripple,cardano,litecoin,binancecoin,bitcoin-cash,stellar,bitcoin-cash-sv,eos
2019-01-01,3692.5315655246986,131.45872465603802,0.34917292328511085,0.04053717973025967,29.86045710529466,6.082208641887363,148.84036556442544,0.11109100464691336,83.88748011360578,2.523545817531974
2019-01-02,3794.2642537397164,138.14480220535194,0.3600887624318323,0.041910239396512214,31.424784372634925,5.9874665684110315,162.44709526850303,0.11415818880154228,90.64688160816165,2.6167090775628674
2019-01-03,3872.1721842228935,152.86045271321305,0.37077035554683946,0.044714509043112735,32.99077514353092,6.057146526181886,168.53293341852043,0.11734986337143263,93.16336575090185,2.833972596472355
2019-01-04,3776.525807694106,146.7305994341217,0.35394253277498233,0.042006788207089134,31.4427585465869,5.800075782066762,159.16240702440552,0.11237137071074968,87.16547561965918,2.630978382651724
2019-01-05,3815.268079882635,153.0565669307744,0.35535221470959916,0.04325351367613107,31.950440199550382,5.967081320596118,159.77046045284294,0.11363662007392994,86.62860026300767,2.686170871525037
2019-01-06,3787.3078571242845,153.65187149457,0.350772455575843,0.0442038245126525,34.31080612524973,5.913821247636739,156.56415857247367,0.11213816271423781,87.02248756475458,2.661060231433806
2019-01-07,4013.5200912973864,154.69930839905126,0.3625506997596083,0.048449481006463485,38.522385483480754,6.266730706003717,163.36700481461628,0.11979924917958668,88.75465295498067,2.822514757580168
2019-01-08,3989.6687175387638,149.89869762072908,0.3618096962771975,0.04738809952272824,37.46959230146271,6.208209629941413,158.8201317930615,0.12252088212804643,86.96252195762959,2.7276900784188194
2019-01-09,3973.5912546157865,148.14786553107623,0.36259175787944437,0.04783211259907341,38.945026209346885,6.572794064509067,158.8487932016544,0.12230326010832941,86.73610012706041,2.7546383968919814
2019-01-10,3982.2259127624075,148.7388798515161,0.3672779880684339,0.051379342496223404,38.48154615582509,6.5124285245428695,157.85717800923527,0.12251104131511009,85.66085267112567,2.874744967485948
2019-01-11,3623.8477291056797,126.62475249770274,0.3290160675846843,0.043960678498555436,33.2591045598888,5.839214504196487,133.08576126381644,0.10752010342234565,74.69534355089938,2.387541586626727
2019-01-12,3632.849306434781,124.6267970725248,0.32753219324551897,0.04333920017054309,31.605602117615057,5.967149015501651,129.15291198402002,0.10535089226394369,73.48555282023327,2.3741934190786256
2019-01-13,3598.4363465618803,123.75936261029351,0.327120935862305,0.043068001139726815,31.799411546875838,5.8732342791240075,132.53505041687822,0.1053878404485793,81.8146706888827,2.382785263082241
2019-01-14,3495.832311307438,114.76604584662175,0.3140212935661152,0.03957068318789578,29.6464825452393,5.477064188101444,123.83596546373407,0.10182736720639705,76.01547515786037,2.2202938299290995
2019-01-15,3648.04828565649,127.40527329081972,0.33124255244522693,0.0434219696959126,31.744528225743903,6.007889287140829,131.79044833261997,0.10787119642345398,79.11048042679701,2.435595375206977
2019-01-16,3567.801243199206,119.81437324652917,0.32326650342261226,0.042207064638792174,30.851094017836648,5.8263895206053595,125.99392232017577,0.10429471539695713,76.24775125812826,2.360021459089092
2019-01-17,3597.6473233295915,122.24553850486993,0.32725797559633635,0.04412438875413042,31.39381775879312,6.060378577285266,127.23649677846257,0.10578601162327876,76.69535894043752,2.4111100748047094
2019-01-18,3620.9812811457246,121.92726666997898,0.32623295288260423,0.044726995298034124,31.432062198443145,6.293633735615159,129.08393735495133,0.10738501234946424,76.74116016739798,2.4739302807067003
2019-01-19,3597.7932517701506,119.1707391686563,0.32067217050557384,0.043734276708546016,30.76647333364199,6.454659338331284,126.47569637538557,0.10522690937683357,74.7686247444546,2.4303738588597197
2019-01-20,3674.587270857304,122.92817578942176,0.3274986099061246,0.045107177036213794,32.07146948733737,6.528987758493639,128.3377011677266,0.1067813956302014,76.26404198178467,2.449411958850437
2019-01-21,3539.167531041029,117.6078729013454,0.3169184081242551,0.04291945917606513,30.607873933841375,6.400002633493051,122.10755820044898,0.10298257917097595,74.11740188587648,2.327967713886253
2019-01-22,3531.004182799933,115.82686433322588,0.3179811884134676,0.04253299294949234,30.88171922964465,6.488161356916699,121.53575260184658,0.10221385005256203,74.23304318716073,2.327923552439917
2019-01-23,3571.2669080928695,117.81718880676009,0.31767092097341926,0.043256168194204705,31.428248403017808,6.449001721640825,127.09289255174598,0.10222690994207101,75.33998745666311,2.427527602116228
2019-01-24,3555.7000025226243,116.41601969858114,0.31488832568477776,0.04262165617995168,31.681310499903706,6.4439656198170905,131.3681005185453,0.10108401875445125,74.81129782293296,2.413452808279768
2019-01-25,3565.6420046170365,116.24543567436463,0.31570992195797104,0.04270620306303482,32.494779493720145,6.431368873552383,128.17427534922416,0.10117301274681202,73.86107703077852,2.4275294315119313
2019-01-26,3564.822417111422,115.14990605895021,0.3138726069944991,0.04237534999054085,32.681208867997,6.676620475978288,126.77876391336248,0.10001729582513824,74.01545107406764,2.4297567158931783
2019-01-27,3563.614563419144,115.33716687142687,0.3127327212361572,0.04240053908890404,32.884245346016115,6.938391869121193,125.54290344279107,0.09856892917725016,73.26805308613012,2.4119902178180523
2019-01-28,3553.121681129778,112.51348924314217,0.3074706667599157,0.04091752179586894,32.32700019298897,7.024177888991181,121.50506579385397,0.09510464243954678,71.23102147818793,2.3634160010655973
2019-01-29,3432.215668301249,105.35239189764611,0.292859915907783,0.038450036346304554,30.932274603231345,6.157827943995112,111.1543153551186,0.0861090968885404,64.37160882861814,2.227507610725955
2019-01-30,3413.3754832497975,104.59784628074063,0.28660870624572465,0.037970569740954696,30.83437963982086,6.261472456060682,109.79692834899328,0.08262100395809727,63.11873008830068,2.2643404698282645
2019-01-31,3457.8826491759864,108.27309466982854,0.3199951256691925,0.03941612181087784,31.778905333992693,6.135494736278872,117.6403815658403,0.08524388738268375,65.78560884172433,2.322825573958897
2019-02-01,3431.943637864456,106.33599581366398,0.3084742831518904,0.0381578928586053,31.333713873584678,6.229535197691113,113.64031280213976,0.08166299646786929,63.474297710327775,2.3063120644299504
2019-02-02,3464.490147562154,107.00955827242754,0.3066263256305771,0.03865298497888374,32.83494862124658,6.525885219808578,115.70247503899506,0.08263903376755309,63.955902784980324,2.3285791244566045
2019-02-03,3486.581616258029,108.77817692653159,0.30830160857466615,0.039022422639798875,33.77245736051733,6.885857279111115,120.2166543645901,0.08273806982636897,65.40462373943005,2.355878082234039
2019-02-04,3454.025843825187,107.19999697185268,0.3017471299030884,0.038074529529785385,33.52757429095338,6.728319463808856,118.21359188615386,0.08059666117166352,63.724680567744144,2.3707600100525914
2019-02-05,3464.003508861087,107.61824539435413,0.2992280869548261,0.03795520809563006,34.128248980911316,7.056569561143419,118.96110145740963,0.07915014307748666,63.061898277796615,2.3994429635601455
2019-02-06,3469.8946770792636,107.31703853339418,0.29916720939443214,0.03796273403077448,34.30563555393899,7.703485697878958,117.47131288401877,0.07747004445047508,60.950629770618264,2.3896704565231817
2019-02-07,3405.836861256719,104.62362623241391,0.2890269028840952,0.03672597403660614,32.867493947578176,7.99889295422142,114.68963255512185,0.07417668083054749,62.72461411992182,2.3444703922174575
2019-02-08,3394.0146529587223,104.26536439234141,0.29024638225409494,0.03641189129105194,33.15681381247077,7.747491631619388,114.89481798344073,0.07431150155495425,62.46854208461211,2.339706894347387
2019-02-09,3664.2821026589836,119.33360463375858,0.3104267577501689,0.04073183881352222,43.086450091914884,8.57534676393758,130.4171786574236,0.08121778978516707,66.88556152416076,2.715511733231945
2019-02-10,3667.4082642899566,119.48955517293045,0.3106041291328784,0.04117567943100289,44.74502708459386,8.83246561127322,127.86398949753216,0.08082335699599856,66.1454155511422,2.7786658997122347
2019-02-11,3675.6916291247258,124.88963479029995,0.30764679845620524,0.04270330084709114,46.79436537450063,9.004684246917996,126.89592777425493,0.08001328838357501,65.86888855333977,2.7999663229347314
2019-02-12,3631.444539729949,120.97026174727318,0.3015301943348576,0.04164329464144184,42.92494655551792,9.399578400848789,122.12519928577687,0.07737594978612373,64.7175700497977,2.7494248655411835
2019-02-13,3633.9650467461183,122.54208894762355,0.3036888156008824,0.04172181557351035,44.08551818089902,9.29019706330998,122.49309164311295,0.07723385169653439,65.33764636474427,2.9444485949656514
2019-02-14,3610.0622730634022,122.09412965721424,0.3028161091417303,0.041045902974213205,41.63499450038653,8.845295322298389,122.00360997799042,0.07622655370356377,64.37165135844882,2.861917220791742
2019-02-15,3589.661829626318,120.59217399552682,0.29964816576536635,0.04037234090922349,41.38353976243018,8.691700484882682,120.98377989137818,0.07610301794192843,62.43015829203733,2.7448577297050765
2019-02-16,3601.2291913968643,121.57227847601175,0.30034783455227554,0.04043927844402389,42.44203342406513,9.260806466759771,121.11568634079747,0.0790262886199739,62.24704535729278,2.793634347206975
2019-02-17,3622.5916530750715,122.93860835926709,0.3002033152455591,0.0410041782714106,43.52824643015089,9.082714918127778,121.54577132151176,0.07818840194572654,62.1477195608177,2.809149924443353
2019-02-18,3665.075530800723,133.88146961685993,0.3028632464563751,0.04153294922863323,43.825523484049796,9.208255059740523,124.43561859723225,0.0794766537740292,62.821029622603,2.875112757193251
2019-02-19,3886.5202004751386,145.32602670603126,0.3198146029619839,0.045359194699420416,47.65126137741591,9.556665976531534,143.18305139186214,0.08322288028350075,67.31211528184667,3.446312963933604
2019-02-20,3915.0099712770552,143.65523417640586,0.32151332724402787,0.04590089299360815,47.315588461303285,10.483971515376131,141.67104173273796,0.0893953855791163,66.63549245655447,3.532740685551154
2019-02-21,3976.808906528991,148.8684346762975,0.3314494864449227,0.047322543862064186,51.54260189028718,11.089336196890757,146.7989302527964,0.09131134931521345,66.93716357796768,3.884220850761359
2019-02-22,3934.813593894817,145.2958232437471,0.3200079244352406,0.04482964754399028,48.78090255685596,10.416549797453282,141.43696541693234,0.088470562871553,65.04167673368006,3.7981963447543863
2019-02-23,3973.6413227746357,148.04165031619752,0.32154367940121226,0.045833681237147136,49.42301635491416,10.77038045704381,143.80343896500938,0.0906320632104588,65.41541508915553,3.8681397761579106
2019-02-24,4115.3379267876635,157.67559560191677,0.33129836333034973,0.048239797901670274,51.32803960857446,10.648611505285574,150.20305429434777,0.09379590843554621,67.85148668949184,4.235992432081623
2019-02-25,3742.868946700387,134.31602869596247,0.2971769158095791,0.04198105629365478,43.9458575515582,10.086822325864507,127.29821855046023,0.08271876647011023,60.34673219779444,3.5472897274658264
2019-02-26,3824.683504217102,137.8218665264574,0.3253251207658441,0.04351453363655395,45.43418279346875,9.688867286800846,133.55913947142676,0.08580467805605875,67.39973565948422,3.5376039126267864
2019-02-27,3809.209774682024,135.99783785109707,0.31638328237381236,0.04286059311554926,44.81267601809388,9.421308285129433,132.06819992984217,0.08442717557383767,73.59178776756416,3.4205447991180224
2019-02-28,3813.377891881294,134.84981713392082,0.3104579357086018,0.043024207886110166,45.08466227127825,9.819080867304683,131.1103943266282,0.08399201754388447,67.30404178034796,3.5000619326233844
2019-03-01,3815.6076075249844,135.4906837644075,0.31336136119570573,0.0427940036698597,45.75818202163637,10.254160725549326,130.33590791250128,0.08426228336943331,66.56068842654885,3.5098254659268417
2019-03-02,3815.753939922755,134.95470877409352,0.31512793629703345,0.04291005176079204,47.19205563496668,11.254433050674296,131.06300382008706,0.08483681973642768,66.26731383907116,3.4932588372392575
2019-03-03,3819.645730582585,132.40742658761687,0.3130880420274274,0.04231627585657275,48.4587770926163,11.675098940490939,130.49826695596548,0.08354383717012008,66.10764007234097,3.4743378711359543
2019-03-04,3806.9542737979564,130.5403477406027,0.31100343362899663,0.04201086477264025,47.83200585279676,11.310266370856954,129.64963447829666,0.08693919222803645,64.78028102086397,3.5168297969754723
2019-03-05,3712.812457297799,125.6240824924571,0.3025428391500395,0.040182274659520956,45.73922459478695,11.422684008294041,123.19217534362801,0.08230906118464858,62.706461852113016,3.232428520137131
2019-03-06,3852.461665785486,136.5502476885833,0.3144673452605086,0.04280345334761144,52.53040022675808,13.632378355605656,131.35993103033857,0.08556108311521794,66.63447066198756,3.746288269041605
2019-03-07,3860.510762380684,137.32665152792868,0.31455191585087905,0.042503620209921135,55.4372168703279,14.484805526745651,131.3797931573663,0.0848054800311809,66.24485548370541,3.7334209467713193
2019-03-08,3871.637247965991,136.78614228385894,0.31260281782435984,0.04264895995597255,56.72236455345158,14.914607987267251,130.53078423581965,0.08469999567973066,66.26417706713532,3.7505596823593477
2019-03-09,3861.879307396147,133.5416931933968,0.30745784370945434,0.04237602610973909,55.61576293958219,14.182604227795105,127.59278804579682,0.08637084999565908,64.91101274755779,3.5937358909018156
2019-03-10,3941.600873271771,137.1960003042231,0.3135130089002694,0.04664873112557521,57.64245534763525,14.486009181260131,133.388495515802,0.0898839697954103,66.51198601770093,3.7533372436351073
2019-03-11,3923.559788806432,135.62080210154824,0.31305242221430074,0.04552295642231725,56.827735126747136,14.392014579915342,131.40262990398318,0.10095959245975361,66.34054562666901,3.71206987404881
2019-03-12,3860.3592300287123,132.38753404384025,0.30884485565370556,0.047349574427912836,54.805712521545686,14.32642352984074,128.1617801693903,0.1015765743741008,64.73509699248024,3.55862081652519
2019-03-13,3876.480852754649,133.28742563523164,0.3102317009938003,0.047212017798664206,56.55468767502928,15.201552878464657,128.26767760789966,0.10483751513362165,65.4120865419213,3.632999193176122
2019-03-14,3865.817782663389,131.6683444532404,0.3131691581340176,0.046196136347646,55.366790073731124,14.964298646707677,127.76361035451794,0.10774158236848563,64.29672763106241,3.5771138274955945
2019-03-15,3876.6987080329527,132.14623792639355,0.31086399332787285,0.0476159484384536,55.90094703882981,14.8470688206058,131.92291382251108,0.10671443464014202,65.60824381482878,3.561486115392155
2019-03-16,3925.460579704576,136.4478648131974,0.3145422923120605,0.0498118734459803,58.480581797163325,14.8815686728999,143.50238888385448,0.106123872249246,67.20791647637016,3.686681109216058
2019-03-17,4007.709463818873,141.08804416286097,0.3184925057020855,0.05123326136809728,61.19853602996477,15.990027347561629,155.81249300981708,0.10843106706576773,68.30825179290773,3.796356373662383
2019-03-18,3980.9901047320204,138.55063028189403,0.31514319977266525,0.049687912732741646,60.477240892506366,15.597596531360292,153.79708709759163,0.10846175174778615,67.75840479662108,3.736971688936408
2019-03-19,3986.7068940461468,137.65794893090973,0.3149082506809884,0.05003314173793385,59.24226598774102,15.518007075444745,160.75068197082942,0.11487272644145866,66.60101597066253,3.7074594223194577
2019-03-20,4013.5769693454813,138.5225166550466,0.31665803421752464,0.05194287271907531,59.42554997626082,15.425372141185454,159.88749366563252,0.11185676077438428,66.12492439993507,3.723949033751138
2019-03-21,4045.57263350974,139.0759731796369,0.31742439439543624,0.05328881287797866,60.283074139388965,15.155898465256703,158.31857977188363,0.10976819945322389,66.17451950833302,3.7071757348854453
2019-03-22,3983.317781297362,135.05601072736965,0.3106503688589173,0.05264299957221896,58.663993987815935,14.385688435290863,152.6904618880707,0.10647255931253498,65.20120518897951,3.6207439567157
2019-03-23,3989.1584912154526,136.0995360201361,0.31054639690217345,0.05776827754707397,59.26735262043032,15.176955297132128,156.92480997371575,0.10829778126512761,66.19149882325773,3.6240303481366936
2019-03-24,4008.945386314754,137.19806866408575,0.31129015823656286,0.06348656329448774,60.91959691517127,15.137508738888764,166.0111737256819,0.10788583298902979,66.80949197726275,3.665510178146952
2019-03-25,3993.394900459549,136.05748300079634,0.3079100847628493,0.06111843712286233,59.79457226906968,17.150104271536645,164.5698324842609,0.10545887932879434,65.54503504644468,3.6342660382370893
2019-03-26,3927.577296521434,133.8175199792062,0.30268622683701013,0.05863798895956996,58.97261148044742,16.77942018793038,160.10765417065065,0.10169416246364493,63.874063507095215,3.650334966836619
2019-03-27,3938.659743156943,134.02990438257248,0.30119011981810245,0.06146601026725826,58.58375793994187,16.268110250804412,159.11408197271476,0.10230088238385616,63.205617565592895,3.6619477409533108
2019-03-28,4036.1609179207603,139.63660664431762,0.3099693256433301,0.0669930164042461,61.46967910791568,16.58850726025189,171.34906609037571,0.107107224155433,65.23728768706937,4.305201697880194
2019-03-29,4028.3913011796208,137.81198852309657,0.30695619008943753,0.06558512610094981,60.5086026344057,16.584638554380838,168.18534392108987,0.10633131373461271,63.87306110852222,4.249230724449599
2019-03-30,4103.322859513963,143.14644309796884,0.3079396927025501,0.07190924159012249,61.39798314491036,16.483646560622606,170.40110870418496,0.10801636652356444,64.32314989669838,4.304450225620849
2019-03-31,4103.856421333923,142.28965262894044,0.31100017135531227,0.0718131848611085,60.41276217099159,16.82370971789498,166.99437908509364,0.10746376522755044,64.899496986751,4.1467482402371525
2019-04-01,4103.521738549332,141.586389044902,0.3093437737308098,0.06998460362244281,60.51794728823778,17.38018693909712,168.90464384728153,0.10777186532906786,64.84164212132205,4.19743250815613
2019-04-02,4146.321927706636,141.51455520152766,0.3129402729724225,0.07233213261115524,60.48136651020627,17.885604909278115,167.55674220113363,0.10972704405781473,65.8616097043578,4.207770299431821
2019-04-03,4862.230427766917,164.05054289558294,0.3518736428917325,0.08463494115696912,77.00782950070702,19.723220464600725,241.29462213278796,0.12140049497095098,78.95709748004286,5.034760973001775
2019-04-04,4955.831824018296,160.43283831978377,0.3417426428629733,0.09065628317907007,84.77991312512346,18.780300973064087,298.62470696838164,0.1218844142937294,82.19200642834687,5.199320943494453
2019-04-05,4899.021553783287,157.41222580794496,0.33102197792169713,0.08718280804784825,84.68843263509658,19.18575709967399,286.69462170232805,0.11825772021215947,82.79405484811122,5.0613315671903845
2019-04-06,5014.955826888765,165.1385234713877,0.36211143374714566,0.0903108762955433,88.3169774012885,19.335028738498895,291.94311241695914,0.126301036304906,83.9021771897839,5.317796929253067
2019-04-07,5041.869075888309,165.32515186458005,0.35347648869224785,0.08986922412068711,92.40964391738089,19.185211317873836,305.4131588213609,0.12408382670206244,84.31595278566117,5.3269042985668875
2019-04-08,5176.97788362072,174.09052297795662,0.3592233385545214,0.09008149256440293,91.66016468606908,19.112195366874655,319.7088645357469,0.13065637420703166,86.14024481235676,5.431530447611043
2019-04-09,5266.89477647303,180.01192355336678,0.3580143252716769,0.08667610282028956,88.95639807132419,18.05550689081231,309.2154116728,0.13175595283726102,82.81365064205173,5.5226463445235865
2019-04-10,5172.1752647597095,175.2941224274854,0.34868546856946836,0.0833658930679053,86.1417982005569,18.35060702383248,294.7405040836411,0.12473108536145636,78.36223337844586,5.537056750228684
2019-04-11,5308.905683164441,177.3253178087243,0.3546560890651317,0.08963847209899002,88.29742062471495,18.262366567516782,304.5515654827946,0.12593314310086456,79.89979850790839,5.84487590590477
2019-04-12,5047.79316241402,165.03710682659573,0.3298599839107897,0.083087429544778,79.32923549187599,17.69181072658606,272.7424980729586,0.11633468803843797,71.70508005379726,5.334897984761807
2019-04-13,5082.46515242293,164.57194837218958,0.3267281054634614,0.08313497519987623,78.96172106779404,18.23038877069646,282.89591647824824,0.1154281185717565,71.3006949420688,5.369198858202239
2019-04-14,5072.987191337883,163.97160033492332,0.32564927226908136,0.08340401487900027,78.05600050513047,18.652397835403228,278.6931068469435,0.11533425334358997,69.82494042041125,5.31927138436909
2019-04-15,5149.314492798127,167.61800117879454,0.32824359487073484,0.0842716755681566,83.10697356339175,19.32047992978151,288.2443195533062,0.11688143745509805,70.61098384455794,5.544974373762892
2019-04-16,5039.881017404402,160.53249078494966,0.31963345273696764,0.0822093907922131,78.40554723309033,19.399366093646425,313.6013740210927,0.11317276784853603,58.96147928892786,5.358200277421169
2019-04-17,5213.598376962082,166.4845378681717,0.3263403207883792,0.0833068860736983,80.89571310035201,19.782133501274508,317.62194309479816,0.11632811811845736,56.8278827142484,5.523474546094406
2019-04-18,5218.957150384528,166.3272646030099,0.33483196087055733,0.08273543972357907,79.03054802091384,19.57311586987804,308.85307433531324,0.11645558658929857,55.22595785350187,5.437276205763559
2019-04-19,5274.767013336503,173.41362781077277,0.33640150649965944,0.08150942908991061,81.95181210656543,21.70863673202353,305.92383535495134,0.11739702492074405,59.23138255673382,5.477703291840927
2019-04-20,5280.354444383007,173.2282621688014,0.33100774391645865,0.07928140860058422,82.35504647407305,24.308665235525034,305.7877930027272,0.11535500239141837,59.26282313518652,5.465950951345132
2019-04-21,5307.689183437135,173.16628767058037,0.32764739391135816,0.07620388916648492,81.43319474635827,24.94026494704474,299.6037254613074,0.11581690370122971,58.63990903200771,5.44070508493119
2019-04-22,5311.164840299274,169.98788930945395,0.32288136247361093,0.07400007419762919,77.11774366548224,24.207759503641206,290.0916174574685,0.11257505559144484,56.71801306218499,5.22207675321275
2019-04-23,5380.935789575588,171.0434707895899,0.32345663839248523,0.07773104790704922,76.71712116890566,23.92644832650058,292.10224519702086,0.11382507574857148,57.56329852007303,5.225661871215706
2019-04-24,5557.9257276108365,170.91296418483168,0.3210244732265786,0.07428220003309263,74.71734420038253,22.8959248020398,290.80775229958,0.11135719936182145,56.08793524015172,5.166152414219361
2019-04-25,5452.101753394462,165.66966005027155,0.30179512098072336,0.07204967731426073,73.19304655592038,23.09418229216174,278.64466431293295,0.10277367130904905,54.19944042918251,4.7723875624159575
2019-04-26,5203.088598730703,153.9304406219976,0.290039376343368,0.06932955522517145,71.5965131590153,22.25656479628978,266.8975173446171,0.09901128255920526,51.64497271683143,4.5880222405533555
2019-04-27,5295.847320048228,157.3757012457437,0.29940211275376843,0.06959276929127914,73.27659471554352,22.977006202065542,265.7629513357252,0.09999198760152375,54.26682832544369,4.780000364071007
2019-04-28,5256.977802474059,158.28919434200932,0.29679527782578874,0.07020555721853701,71.89170444268132,22.31561097766688,263.5841438938002,0.09990067243318572,54.515951555614265,4.711190447305317
2019-04-29,5257.803249232503,156.5951891487867,0.2967732843158799,0.06851306016046815,69.31300747909283,22.852493647101323,254.3597454984369,0.09772490239062138,54.18863526602919,4.696845810612514
2019-04-30,5199.755008563461,154.08028243009934,0.29180850641677997,0.06426312529200742,67.17771708642259,21.57229994825935,233.14007829225872,0.09547704620621758,52.360681745132766,4.480415930785962
2019-05-01,5292.803974562054,160.74469184721738,0.3067203063730033,0.06964711759309929,73.72560204520781,21.766770021902875,265.03346795701975,0.09968513247109193,53.59443679702991,4.792268476090426
2019-05-02,5354.5868001739655,159.48931440238658,0.3016809635472125,0.06844357294352638,73.12887276265558,21.77171026141927,269.60251594408805,0.10085855358801374,53.22944895209087,4.738540188486903
2019-05-03,5450.706620486424,160.95718796104512,0.30071477553347126,0.06804867526911326,73.15727704829078,23.387328760664303,268.2222641366766,0.09994793069625947,52.80866343620811,4.753311864674692
2019-05-04,5731.493099606555,166.63211526803485,0.30613875339821905,0.0693618734726555,78.66627544523708,23.59959420968836,290.7280971087985,0.10174806275465097,53.78562944049256,5.05065916656636
2019-05-05,5803.943309048437,162.83631690744346,0.3031285673695555,0.06663279634430587,77.54112812343494,22.73977035542812,289.53192563840804,0.0987114504249569,53.29141752079347,4.9238235067822105
2019-05-06,5749.323780460327,162.37013497277283,0.3005618555589483,0.06568076635005264,75.55518321212672,22.84671087167752,292.7679395624868,0.09859146045198876,53.3041534234208,4.8608050263332645
2019-05-07,5715.7571359661015,172.8283284518378,0.3011475456986682,0.06645168351622693,74.64312621078929,22.11265107797972,287.29705517335077,0.09737828971432697,52.5802960101233,4.872384058690295
2019-05-08,5841.053771273751,170.09589748059332,0.29790339914123076,0.0638828510767421,74.21684693649748,21.381396327791222,286.6567429291208,0.09437534020334419,52.73236655919869,4.824180239661923
2019-05-09,5957.856732858399,170.11063311538186,0.2997663165666108,0.06421839008952013,74.12328214958379,20.597111887211472,284.62329712743156,0.09328683967441542,58.78794033542916,4.871796705048967
2019-05-10,6168.268996398258,170.57549417946805,0.29632271750808825,0.06168351334394121,73.94666112046016,18.739690177504908,283.97580512927857,0.08998537926699837,56.811674139511695,4.84201142405151
2019-05-11,6370.233758607852,172.68209089135948,0.29961408583891663,0.06324257620231455,77.00621829806278,19.55523566423102,286.83556498978425,0.09206859209644315,57.86845115482534,4.809339680665054
2019-05-12,7258.261280655222,196.6901677286205,0.32831731110684287,0.07662815060831381,90.56300854804594,21.310738461675005,358.3854697153196,0.10490134673500967,62.14338837163993,5.587260491799994
2019-05-13,6953.75138858638,187.2720183708742,0.309352369637077,0.06998553730333094,84.46695561794898,20.774627305309703,354.31949876386807,0.09854868703589159,57.83438158446698,5.324242550111602
2019-05-14,7805.98164948938,196.0761130134244,0.32477331530412995,0.0729188424039989,87.62886946979859,23.494483516733272,384.41078763349327,0.09999177803633204,60.320581814187584,5.536465175472938
2019-05-15,7990.055553534356,218.28460968764938,0.40749103338427184,0.0842992511424277,91.30490119849611,23.53717172417841,390.0412004585605,0.11342927477925584,60.51951185770683,6.040178420167178
2019-05-16,8192.223138952013,248.74500426984366,0.4589964483924191,0.09490714707281114,102.78026559213367,26.96507654803513,405.7155936825177,0.13965726303110768,73.11950178220943,6.507304322345236
2019-05-17,7875.913199526066,264.90012138907406,0.4196057515361442,0.08817205417938961,95.56479156545804,26.476835855907055,397.54510601395265,0.13810913700701888,65.06053355812436,6.4942981923317475
2019-05-18,7343.371457162994,243.57049917993308,0.38820758914885806,0.08315183194070046,89.67761664434867,25.708477735885776,367.2050399077663,0.12939905548931724,60.425352397486094,6.032226841514017
2019-05-19,7300.655158341227,235.32720134101993,0.37372548549206697,0.07927511271011549,87.15399364316427,28.95589218370736,360.04991191128914,0.13175800252570277,59.86185955315078,5.926518565952063
2019-05-20,8168.730689783752,260.59698403060327,0.4165254503990362,0.08667775721710332,95.36000074497994,29.214251300313293,418.30031340722184,0.1430339182902191,65.19589037624115,6.479110479218784
2019-05-21,7976.851712899625,251.9614994995826,0.39763111421646663,0.08477263112528466,91.39810380794313,29.130179499276746,412.97666830309305,0.1356189006327259,62.99836232755643,6.249161393502803
2019-05-22,7958.365526075088,256.0830401834705,0.39776555884957665,0.08450471939881433,91.37524183235016,32.402365184837116,417.2573288338781,0.1344690498040717,104.80296792062089,6.286453101571447
2019-05-23,7665.79685383355,244.54946301361036,0.37508568981736423,0.07812899993928989,88.21450391055005,31.346852330361315,391.3221559767353,0.12282074618251576,104.74630266367384,5.951457663673316
2019-05-24,7861.812792465447,244.6460957973966,0.37983190674034745,0.08013828248154231,88.83902013693573,31.677314092966217,402.9423264354161,0.12489350051750443,101.28873013558467,6.022271052521825
2019-05-25,7977.244882467973,248.54526290535333,0.3827019405418893,0.08049302480012858,100.23668008063578,34.05990832438422,407.8012820483976,0.12559607819089832,98.78925001504251,6.387916512666299
2019-05-26,8037.627431860584,250.82036469745617,0.3863107913825079,0.08020426974110459,102.44319381575697,35.12279275400274,404.78505406172314,0.12483765557395636,93.13104472627748,6.373357250381011
2019-05-27,8631.080577844017,266.12218207843597,0.4080803697095843,0.08570334044232883,111.3320966080296,33.535238582609956,430.2270151218227,0.1326121157846773,106.3017601809007,6.868307750590233
2019-05-28,8816.03391493351,273.40508817754096,0.43667355749082487,0.091890182252933,118.62361225773279,34.239340518309035,444.0336129952428,0.13782777051637338,116.74421766901011,8.079938767315374
2019-05-29,8726.978110456395,271.227867157993,0.44706800395884505,0.09293566203101727,114.59108218792336,33.122360925960365,433.48545563347915,0.13919107192626967,121.53993447991253,8.066483780455766
2019-05-30,8650.677405968292,268.7857564563058,0.44421148392210086,0.09093447333769593,114.8635104309215,33.606453476083296,453.4439122113771,0.1360489142230607,193.32556749106266,7.9600287176750975
2019-05-31,8310.891063057417,255.37736314606394,0.423119421422637,0.08489877008479199,108.5564343493357,31.761559971754373,424.52444784921545,0.12942475451008276,184.56620578551124,7.334060452654573
2019-06-01,8575.646353354166,268.12603920482644,0.43942583956115755,0.08979294565729191,114.67882141775863,32.93210777753538,444.51796424689854,0.13419039421808343,195.5108166637148,8.590282017746835
2019-06-02,8554.261728092017,264.72732428744166,0.42953998187742165,0.09065882062958135,112.40478035988276,32.9216510778764,432.1899530368725,0.1329851741531686,188.69441063048146,7.753450319596183
2019-06-03,8743.705469134235,269.9388294795906,0.44594169185369104,0.09637887919860315,114.76391857866058,33.229542163859946,443.29270635596856,0.13697275322414668,189.38440932395517,7.759595077045212
2019-06-04,8173.632761796738,251.75257532903564,0.42526877601327534,0.08882487557068913,106.79852425612692,30.9093052440002,405.88790031965124,0.12919436153820832,219.41750599861567,6.730259899594807
2019-06-05,7683.636261419786,240.23943365820054,0.4000123337729527,0.08237800551134446,101.86340900251673,29.117035180370003,383.3301336638003,0.12076905608227512,225.6116503979397,6.264107974218694
2019-06-06,7812.44885473215,246.82656909017393,0.40339352292140596,0.08323726564165126,104.11001466618721,30.98179914613863,398.81162415526376,0.12205369269542894,216.4462696188563,6.435614495631627
2019-06-07,7821.123897094859,249.9679117723965,0.4223714220327487,0.08386004978995357,112.07091958029916,31.318912227337293,397.6112953081581,0.12567980244333096,199.4776870249385,6.3914062238894545
2019-06-08,8036.108159122215,250.63689323005363,0.4231568709971077,0.08577380440177361,118.25868858437113,31.608173874964113,401.2556579420883,0.1280380296620383,203.38753513288427,6.672637189474325
2019-06-09,7942.539284064289,244.62980571926562,0.4115452048545947,0.08430244019725254,118.6948394666789,31.855742079438834,394.5963705141229,0.12474242414177796,195.66943960788217,6.38628538773779
2019-06-10,7668.029627860183,232.04158416760484,0.3870513612665122,0.07925054084194963,115.11493543656044,30.25359142217133,380.4715754255217,0.11903176577057495,184.11944715951202,6.162980134249296
2019-06-11,8002.729982894047,247.25227622797598,0.40094335072003495,0.08544881369479573,129.75079817603756,32.08186418452176,394.3216958886192,0.12386829334121023,191.71487782063036,6.431208341459049
2019-06-12,7897.975476598364,245.08937853941526,0.3929726791133927,0.08787378295983746,135.8865027335127,31.97493864049523,387.97869325332886,0.12287499109370778,186.04011714074693,6.325875875625124
2019-06-13,8145.05909812096,260.5666340627198,0.4009998907280815,0.09619876111923988,134.7032168465242,34.9388429708274,394.1529704856992,0.12670670831565156,189.4296638228083,6.413981510940144
2019-06-14,8227.625725590904,255.1204266417473,0.40089664879068343,0.0898343994124557,131.15347272119587,35.06496913774314,412.3778262977847,0.12459632365207172,212.86278668991508,6.466501759965549
2019-06-15,8671.505388660793,263.92853843827874,0.40490736601560867,0.09027318734323488,132.09764512248688,32.53511291051955,419.6342976618193,0.12469033258475319,214.90941981003039,6.545834776371475
2019-06-16,8818.609506932296,268.1121928964469,0.4099321007992998,0.09151425248161667,137.67733610703365,32.73662175929157,421.74295703850544,0.12642195836913545,209.1554421303008,6.887993972777495
2019-06-17,8978.77258780693,269.0716935274996,0.42707984579882496,0.09224850135138556,136.64663118539352,32.29551616334512,427.80325719114376,0.12880431931023256,212.11519291368526,6.98317311010494
2019-06-18,9312.868294808708,273.12368845247914,0.4455181226198829,0.09313824629824667,133.9626898489453,33.82649909972988,431.6857797564676,0.13053614337014333,225.08338171825469,7.117106019301704
2019-06-19,9094.021746079217,264.78793107969506,0.42874431911968836,0.08958593604707549,135.74816461373425,34.490303122087795,413.70017720317924,0.12456441326964776,221.9100387259606,6.7815719010578235
2019-06-20,9285.928674251472,269.1527997781388,0.4362055466770004,0.0901607430598065,136.5322781226378,35.25139482130743,416.6139362741888,0.12443300710701044,224.61108433566824,6.880695904776251
2019-06-21,9548.31456526146,272.334690986303,0.4311924587376944,0.08835758815796697,135.80290167434305,36.82998150037514,414.20338563662426,0.12165999885843373,219.97383628323456,6.855264117667083
2019-06-22,10118.359455626854,294.47562296593696,0.44419543376328835,0.08948493917904113,138.61947794457117,38.91793858342014,439.8727918210554,0.12303900098928998,222.4775931902817,7.063243778342671
2019-06-23,10704.922148115673,310.65499867231955,0.47566898494524945,0.09439321272883437,141.82264047557197,37.926144365897606,482.03737860839783,0.1292368079190065,240.3765353015298,7.470750821161139
2019-06-24,10846.12509964766,307.9472102635873,0.4688108645393041,0.09652528310575355,137.13613331868072,37.28550830263468,475.6566775724357,0.12807238518050879,238.0488698059644,7.236110719852
2019-06-25,11045.550419814825,311.06822902414945,0.47357824533616727,0.09768652420302633,135.85685014427477,37.527680217591055,477.1754074083366,0.1282401524293085,235.95850258771117,7.235268497482449
2019-06-26,11808.419904075861,318.635944657736,0.4699466182010064,0.09675059527699448,136.41166057096697,36.11575407972535,480.5117064953161,0.12457849394026813,237.57678278343246,7.177291466022409
2019-06-27,12996.124342788677,337.3409578098138,0.46567098695510195,0.09787657906455512,131.58024224692923,35.746328940183346,484.4525413635659,0.12268450581752639,217.9943641831122,6.75976368364933
2019-06-28,11178.682998186501,295.8416528876357,0.40862143636692605,0.08638225407864202,115.14830452937629,33.98946094586673,414.77597131591705,0.10928958548140078,198.2409470244922,5.918330519475657
2019-06-29,12352.19686591269,309.949031472406,0.42419799835559024,0.08904612991804452,119.63980586588153,34.440175083617284,434.7822525281322,0.1117838022436972,210.81583472525753,6.195868819229848
2019-06-30,11972.555667220913,321.43279903776084,0.42896030971311205,0.09045972143967372,133.95621031927172,35.5700040292038,443.568098339409,0.11544990957352666,214.61192851866807,6.3644360534094115
2019-07-01,10888.097181679726,292.83887601724456,0.39643748864425954,0.08330828430155335,122.56684305690813,32.08944679833465,400.32445642733154,0.10613731827693772,195.40829577517033,5.76404977541154
2019-07-02,10639.046292232071,295.2558980709613,0.4072883273013282,0.08367770186140709,123.17045878650231,33.258469954070044,418.6039959528811,0.10606188288700648,197.78832172373177,6.041543288888389
2019-07-03,10822.764178376405,290.9596721071729,0.3988303337337495,0.08088485355829379,118.23958566072487,31.871920677090532,407.2611547183986,0.10335740041388329,196.4257017624569,5.878457910386943
2019-07-04,11975.637393818817,304.1705424011823,0.4078721505653602,0.0827285980601328,121.77796248794202,32.589470734468485,422.64856784855175,0.10557766966307496,203.9182792629603,6.069394722701306
2019-07-05,11229.60561912491,285.2194708797813,0.38954227448018497,0.07890517120127188,120.38342606298455,33.22910267314982,401.6465922653956,0.10032717920298681,196.46078870300002,5.745892970470601
2019-07-06,10987.248856214646,287.98591058443674,0.37942942175258837,0.07634163132587295,118.48818581293699,32.69095244848287,399.10525153343434,0.10013959057043217,197.99819071293769,5.746078801070404
2019-07-07,11279.476377672418,289.57713834106636,0.3915895158348332,0.0774725854156618,118.66564797692163,32.714424385525504,408.5870518276234,0.10308568846064507,199.97097632199336,5.780268211110236
2019-07-08,11436.430746923896,305.33625290070216,0.3958213306486169,0.0797018230848796,119.89957878761247,33.06562097291882,411.4454150033727,0.10508602541982026,199.9531245658792,5.94460098667607
2019-07-09,12260.28269787262,312.4663688290414,0.40187294188188344,0.08030358304095145,123.19058229837785,33.41995235007216,418.06600818982207,0.10453103394993744,201.16372751707678,5.95443645140168
2019-07-10,12544.167261709219,307.7796837520068,0.39468358821365523,0.07795321597659362,119.18566680946546,32.53941803550763,415.37166632787216,0.10159261883272902,204.5587119979726,5.8854479478428905
2019-07-11,12166.398288868606,290.009967157574,0.36382796349467034,0.07189336539178602,108.48781517181128,31.37039574069432,391.1820260450597,0.09561725976820155,191.71267976780075,5.293510039940781
2019-07-12,11385.060490564521,268.6352130477999,0.33217329442431803,0.06512761424817616,102.28559331765346,29.47546617806322,344.9589685588898,0.08837717567186958,161.5457261526982,4.689504220755819
2019-07-13,11804.562793905448,275.80920843487644,0.3447696128350739,0.06954524921824569,105.22571914951757,32.0463382617632,353.6267121169772,0.09865778023491316,165.88225559326776,4.8087383239131904
2019-07-14,11418.511855491488,270.314761247692,0.3331680881382959,0.0671818241171605,101.36570935465674,31.572765100961472,345.3197211663992,0.096667545298037,154.51496324472632,4.765488250637251
2019-07-15,10285.461109066944,227.12207268042678,0.3064131803866211,0.059465709066443745,89.43528430580956,28.433096105009277,281.9075590678855,0.08837662894105408,128.82685461201564,4.100864205847323
2019-07-16,10911.345158309634,230.18019411198864,0.3097409525654331,0.05863966042805709,90.89757367099993,28.367249931948486,315.85158267692333,0.08529205375907235,129.55869710711036,4.319447964519052
2019-07-17,9538.827124243868,199.94052185387875,0.2978603972565497,0.05211358082184511,80.00788650754522,25.201075044884668,283.7511143006805,0.07987105208950984,112.81800081000718,3.6820828473909417
2019-07-18,9657.303101319074,210.83853712737297,0.31088273157682106,0.05493991661707475,89.78860118991061,27.54721821016101,290.63741566258557,0.08246561075290762,119.93273814851587,3.84126810019061
2019-07-19,10636.155728360647,226.3035342868679,0.32269232604642406,0.05871637584718182,101.25267252544184,29.094265415457144,315.12542632277354,0.08861797572448994,134.98994247242786,4.104349229477149
2019-07-20,10536.565849576118,221.11374095039795,0.3203889632165953,0.05984256605352769,98.3777357768543,29.103301283974627,306.6454246339953,0.09246030916241449,146.29442032247857,4.043950172413677
2019-07-21,10774.281137633849,228.96480408491627,0.33461173428263213,0.06302395606080853,100.61560456514715,31.07522343400771,325.8180850430401,0.09504622290025828,169.3893034058323,4.302876386060403
2019-07-22,10607.463560702123,226.15340772656594,0.3309390918125642,0.0613127189305356,99.93735040299734,30.392303295556303,322.28405585362043,0.09124102571141243,176.91621364757663,4.341585052596658
2019-07-23,10343.318139598357,217.65256165832335,0.32230396188388133,0.059987636321957,95.230437157221,30.73883061193632,310.6397114464009,0.08933311730935514,168.44656616022388,4.125499728842471
2019-07-24,9936.380762347033,213.5021516080946,0.31101458993581405,0.05569322641705192,90.8592543910019,29.57406676579113,299.76068000166407,0.08548438877487402,171.00855020367078,4.173429251268265
2019-07-25,9799.306312967936,217.19777774847861,0.31208183894043207,0.05639702721053328,94.6796545067439,29.022332006413677,303.15218827008897,0.08151937184988288,167.94486133146916,4.595851971038713
2019-07-26,9878.23193291115,219.48779097276912,0.3129737267944508,0.05835217463636584,93.28917512702175,28.87914024739794,302.25602241563297,0.08528208451012023,161.35159449843377,4.565009733935073
2019-07-27,9845.999447078504,219.58243262777626,0.3226590806212089,0.06260967964699526,94.32023034457589,28.88800672217171,318.927273430407,0.08716961600678719,162.634393322851,4.630259437298697
2019-07-28,9447.678401413306,206.531772895918,0.3094914568083015,0.059851847667587756,88.38895614196086,27.637315402218466,304.56516221138725,0.08507567771936037,149.84184763721024,4.249157677089773
2019-07-29,9534.755426833233,211.229753661743,0.3117148012177424,0.05944367244740904,90.09950922100163,27.73059671698608,310.0582518708465,0.08383578751062684,147.2129902972494,4.246024971676753
2019-07-30,9510.593552181648,210.82351650905207,0.3100015361284801,0.06033420796318712,90.14972347690902,27.016691528333105,306.0255832154496,0.0833678002832826,146.06009695855917,4.202513768056511
2019-07-31,9568.437452164315,209.64626074112806,0.31712458778136754,0.05983312840110228,90.16601054534512,26.713071813819173,317.7221022074255,0.08328491050264449,146.05114638312494,4.191081817628324
2019-08-01,10062.996285663326,218.61308553620958,0.31989806364828316,0.06397879826804305,98.92354697864526,27.723232505332756,329.7759875707347,0.0838440714211535,147.70173796632665,4.425898533113895
2019-08-02,10361.312000080692,216.630420657716,0.3157915602678795,0.05859755915864751,98.65042053309989,28.73351770843936,328.6279994349609,0.08298998295180883,145.69881771061767,4.297657429818241
2019-08-03,10529.171907427639,217.79546207706508,0.3126327406662382,0.0576035980944542,94.85673656505452,27.868246822690274,328.17065013659976,0.08232911474738526,148.34724097228636,4.186363471360414
2019-08-04,10791.200523159,221.41611875255478,0.31581320947219194,0.05758269576495487,94.01015443294511,27.72111323933165,334.9342040789135,0.08221408702412403,150.94323328020224,4.272877056043744
2019-08-05,10951.593834840049,221.98815294300547,0.3187297098404126,0.05620108209471885,92.95454564546877,27.373793405615487,335.312407608942,0.08218519605889492,150.09321013753376,4.225190715709381
2019-08-06,11818.525531066103,232.82368350463972,0.321464413323065,0.056482892795423685,96.09140932613722,27.849794806222224,347.29878948860346,0.08243319014760901,152.79089925239867,4.455591296112799
2019-08-07,11510.164154730011,227.02071107575,0.31326371634697087,0.053764486901642504,93.47773965446206,27.639656229093095,337.04970048604366,0.07952245510622,147.53568998558148,4.208881831465581
2019-08-08,11970.657556451994,226.4011931773696,0.31206552756318395,0.05187000851972036,90.80173095223189,29.58785561959907,338.7100561132657,0.07868731776832913,147.82237153645647,4.227154531893197
2019-08-09,12024.331570998236,221.99588620712112,0.309097743882988,0.05251300080311549,90.44901912828226,31.39623531954035,334.97251449449243,0.07731389679054865,144.69059287771825,4.187857914746444
2019-08-10,11852.561606995518,210.15361895773407,0.29666610341597854,0.04760844579940038,84.3164403726727,29.7407859153171,313.92245730789466,0.0733227995085671,140.06869142052815,3.902269836502709
2019-08-11,11327.842642233223,206.50462546838185,0.29846464639147163,0.051977493522885866,85.50708285906626,29.593512248244945,316.2029455523465,0.07427590736963237,141.54145202372095,4.069563299656394
2019-08-12,11549.998354322472,216.4855805517722,0.30305450289595276,0.055142333964456,90.04694604019284,30.219454448788586,338.77499010136773,0.07805306527226426,146.30914038303936,4.202686043231478
2019-08-13,11381.241355678554,211.11314126304725,0.3004360083668976,0.05296431927823547,85.6970974634955,30.147418023961,329.76749972186855,0.07610196417030987,142.32760937437354,4.127535359942594
2019-08-14,10903.6549918801,209.26573714761406,0.2974800679437484,0.05288183699309247,84.75144729867989,29.424399733430604,348.30328547012135,0.07531095715361068,143.55949445005515,4.080698449671538
2019-08-15,10016.217389275296,185.65530058955875,0.2627759056907905,0.046872256846815896,75.49270160157369,26.86054819695887,307.88550736405057,0.0702724228519198,134.1143084788499,3.651691810931896
2019-08-16,10295.87714290961,188.15278116773473,0.2645103553949027,0.04754609016915611,76.33490307845815,28.08213542589457,314.55088429980293,0.07029099743279729,135.50286593446054,3.6269386893244717
2019-08-17,10324.993597415598,185.15324355177958,0.26102966315469156,0.0466719398026876,74.6711130896175,27.46621678364831,308.88213918095227,0.06909805524772226,134.69761598644226,3.5842702616928017
2019-08-18,10224.218706633936,185.76004109383433,0.26574470528445515,0.04737046324949391,72.76385917557374,27.45044934398281,306.8850387000178,0.06784423118399308,133.40764510968347,3.5609830237945572
2019-08-19,10309.872435928555,194.35736761658467,0.28202860047193007,0.05066438962767642,76.28570176240197,27.882349332577377,316.5763726800577,0.06959621530947532,136.05831545594532,3.6945182519799236
2019-08-20,10895.97184442924,202.95975075968417,0.28256569881785576,0.05019454443213063,77.21153040243497,28.86852452989437,325.92586357839764,0.07086899687081318,145.35731768391634,3.7258466563221333
2019-08-21,10743.789313302059,196.27274728566928,0.2742952345377511,0.049183992081746314,74.95721979691992,28.029166430562192,314.97798044486933,0.06982504534041994,139.97963815481506,3.6710106826725233
2019-08-22,10124.058214168905,187.01618910896025,0.2665130275923684,0.04716480331398617,73.19850689343886,26.91143437006359,303.1920982126079,0.06807612377906481,133.84519209027238,3.5125130305985297
2019-08-23,10127.78985767835,191.52119596772542,0.2710777782594598,0.04940080528158715,73.64105831797954,27.04457596584904,312.6335586985208,0.06651751313856888,135.36220208440423,3.6459815431964904
2019-08-24,10385.509090033882,194.2093873568753,0.27614546208072294,0.04970245036635679,75.42867084599548,26.994913636680277,315.80921233348835,0.06875197272475468,135.87573932893866,3.676258736261833
2019-08-25,10145.01247970698,190.55575089343063,0.268681551998925,0.0501623700145887,73.16256562782908,26.290803293843584,305.61335188421197,0.06766975967869432,132.8561798701096,3.6576613447920066
2019-08-26,10090.061576030994,186.32236897942659,0.2697890566921288,0.04945092551466617,72.28716978058533,26.044082906401442,305.54097815258734,0.07150261556173208,132.7028977044889,3.5508075157848014
2019-08-27,10334.911854471331,188.37725745413954,0.26965392223677626,0.04960650037440522,73.57420484059197,26.028820815637697,310.8046635588497,0.0699957539753447,131.81578098113454,3.57849613907093
2019-08-28,10167.889390020262,186.97068487781738,0.2694450048715817,0.04990065558170095,72.68133748766465,25.598756335697995,308.199865187164,0.06837807443716971,133.89180402279698,3.5426086354182433
2019-08-29,9753.48704889705,173.02703573027782,0.2571314021090532,0.04596845655910895,66.82695258643732,23.470662691137793,292.17173789387243,0.0660956925373853,125.16223533086023,3.2570043187927897
2019-08-30,9485.141423780755,168.79916502828434,0.2558310903917157,0.04460753137056895,63.69241401241123,21.78184136956019,279.66022131394794,0.06226641363431551,127.94166893197337,3.195582598105991
2019-08-31,9588.98750205815,168.6708883739598,0.25591476419024856,0.04479946283441484,64.31543649626597,22.192856638190957,279.6489623117678,0.06204286191106527,130.55081421115813,3.214146117295812
2019-09-01,9607.289264302583,172.07296929356409,0.2577589803875106,0.044880548452087936,64.3344200139039,21.13552442487948,279.2954525054637,0.06272973863943036,129.33352838179178,3.3291487968610594
2019-09-02,9729.266231867814,170.72754514461607,0.2569747981261323,0.04449442698498823,66.14788889990668,21.438610114224364,280.7979675696785,0.06216639578652437,129.7603625970495,3.2629947061134534
2019-09-03,10323.022660378076,177.71647895327314,0.26035708366907917,0.045354229791424734,66.88954731929115,22.660341307040724,293.3954419888952,0.06294097124458012,133.62190656368122,3.319415568433134
2019-09-04,10620.165189356907,178.82647784328285,0.26296075290134663,0.04659907826217568,69.22122014839303,22.397000784809897,300.1190165365865,0.0631124872753619,134.81993682401776,3.350553462500854
2019-09-05,10573.515179027892,174.77627554812665,0.25897657043811234,0.04542015426529244,67.03629153995453,21.640177975581818,293.7334324441409,0.06186773340802942,131.76332855550461,3.302609371170453
2019-09-06,10570.249940786205,174.1938100520476,0.2561608213480815,0.04442465942246261,65.30104958286856,22.711985916020357,292.44231451762215,0.060466861655170866,130.53885589658918,3.2734128609984983
2019-09-07,10350.748325717243,169.42286694793444,0.25213140606196255,0.044309504591709646,65.11059718164113,22.182333527545538,287.13169728280354,0.05848300355722878,130.94135271071036,3.217999541734847
2019-09-08,10461.547731202416,177.85258889110943,0.25942470593802425,0.04582084104840284,68.69351181259222,22.405261559837967,300.11690065283756,0.059250876203028734,134.41294959379894,3.571566897575373
2019-09-09,10404.333900445994,181.4839320522675,0.2620627186965279,0.04652576544236705,70.51511444414643,22.41198331530781,307.1625307389474,0.06042878381304705,135.11171168013806,3.771664746099543
2019-09-10,10321.931613525778,181.01465623196765,0.25912465321417905,0.046812260518715954,70.14403589102052,22.132223225463076,304.66380180773854,0.05980073363262053,131.07193954251446,3.887999464074421
2019-09-11,10121.102297214318,180.1493915298145,0.25889724260052593,0.04655343816464846,70.77176538229101,21.79884095165479,304.49918878559595,0.058750035895184294,126.60074829084711,3.7794425015165256
2019-09-12,10150.71002363705,178.08294980618456,0.25574011427357424,0.04489760105784981,69.64840645666098,20.743634713075046,298.169146755953,0.059750925186801036,119.45655168736093,3.751104898463613
2019-09-13,10401.319919342226,181.010836085851,0.2543574196134629,0.045334945419827265,69.21893199047514,20.802050149098662,300.3007123731188,0.055711525393228906,118.7652778971965,3.7355489189149336
2019-09-14,10355.626898620032,181.2119450035023,0.25533469834850253,0.0457576836247777,68.9604548863052,20.79882402829103,298.4097901768107,0.05711044360531868,118.07100839683173,3.7284415133554973
2019-09-15,10349.551958231765,188.30568158376607,0.2609641208796706,0.04645326282841542,70.59657070159929,21.00328637795174,304.54496170501784,0.05779669064966782,119.39147843294197,4.033748078338634
2019-09-16,10305.675020156998,189.25504633546134,0.26076181400840165,0.046636019949772525,70.10515776445777,20.37333835182006,303.205397014776,0.057941545121939005,119.4504250162823,4.070143021965522
2019-09-17,10268.421696882157,197.60691638393752,0.2609455043474798,0.04709648472001802,72.67471078351373,20.236668039500803,307.98660929006223,0.058696169462977225,122.55812628994894,4.080014327186969
2019-09-18,10203.071046816189,209.21116304181604,0.2846462475817335,0.0490035399925224,74.3480395363889,21.100079022468687,320.6262500404555,0.061935357857836264,124.84986064222436,4.074139950877683
2019-09-19,10158.854517376085,210.24907372866744,0.31161326516629345,0.05279343380477617,77.63028352179293,22.07089602274126,323.3122660064665,0.08016758550352346,124.74404939990305,4.073208137460637
2019-09-20,10253.232374680329,221.74292599489385,0.3025226060199861,0.05251209982657775,76.9755385334459,21.52942091072633,323.59941751837937,0.08173303730478572,122.9741353236379,3.9695548097277418
2019-09-21,10178.442572698175,217.95344382394939,0.29426474512387574,0.05198235510108807,75.25576897931265,21.274946020551244,316.03888321145655,0.07489981726495873,123.09325850096086,4.018152954430052
2019-09-22,9997.199887816778,215.34523960456264,0.28907727996575444,0.051766192682133796,73.20041741342708,20.952862390413546,311.6263439072413,0.07099691202644134,122.22347936343559,4.005352737828542
2019-09-23,10041.304200624943,211.61753840452246,0.2791021043909529,0.04922405448984773,72.5326173146601,20.386317625786912,307.74077508937086,0.06866986658701847,119.5812763566362,3.8147760638821713
2019-09-24,9699.504938095957,201.00337752581868,0.26844230961089144,0.04640457934734447,66.41396865317495,19.295565446060348,292.25961914527915,0.06304536404344203,113.70192856936245,3.6819631127676207
2019-09-25,8702.713528026236,168.67357964603033,0.2366457898689468,0.03874491604487104,56.620694989562246,16.539149492885993,220.69505831289737,0.056398985282258216,82.44863813759814,2.8597616431628285
2019-09-26,8446.244115548528,170.28886769224317,0.24519565769447127,0.03913445205612641,57.461772116087836,16.06705840939312,227.78505305242234,0.05615006332495586,86.35560908006843,2.873628002220631
2019-09-27,8098.80982048931,166.21680322909975,0.24256592697918897,0.037974121649869325,55.225882827161286,15.305145795446741,214.56245984123245,0.05809418526650003,83.56291166625347,2.7857466634837187
2019-09-28,8183.482347567026,173.90494900595044,0.2422231186683567,0.039139464635006165,55.757579060538326,15.636151950460764,219.9913480893555,0.05962983933068029,84.1875366349087,2.834776448477099
2019-09-29,8225.11037185192,174.07970541243265,0.2420720435365249,0.038690642111289586,55.48374561513027,15.762523864743166,227.76052429476113,0.05962228213860419,84.57047068271741,2.8343861806893242
2019-09-30,8064.380983385267,169.6894747522977,0.23971394512701386,0.03732373212854544,53.88474198010775,15.25344192048347,218.18630282639563,0.05784043433284712,82.47956253819814,2.779311032915307
2019-10-01,8271.290855465355,179.75716197925505,0.25526830768228254,0.03879046631773576,55.921660562568455,15.774018647075495,226.90828702763392,0.0609731186570629,87.60389316091096,2.956726722228257
2019-10-02,8366.503905663569,180.63244082835516,0.2529608156546108,0.03934729078058104,56.42195465339066,15.851400004686669,225.45018733282745,0.059710180095711,84.71680761955301,3.0127066403977127
2019-10-03,8350.132163242944,180.57893058773016,0.2528556507739294,0.03932802690767859,56.42195465339066,15.864912011776225,225.45018733282745,0.059656239664732574,84.73719807930462,3.0108575781533937
2019-10-04,8176.354679406582,176.85852555342686,0.2522759168526039,0.03965059921433246,56.938973590340325,15.658669606856666,223.74906770955857,0.059143288613836185,83.20426711514286,3.0362932890002985
2019-10-05,8156.519553840962,175.86315365350248,0.25187451812908623,0.0393397803771123,56.40987436773424,15.640221105914357,221.83287760166056,0.05865533929000983,83.17898516443356,3.009503327085605
2019-10-06,8140.242484268429,176.2772565733896,0.253062915509938,0.0396685902386144,56.7551229244573,15.698543163499648,222.78783695102848,0.058869097008139255,82.75779688395579,2.992169705192395
2019-10-07,7890.234349864658,170.44710628243018,0.25429168654304485,0.03887955039979462,54.56807847097016,15.069978062749174,220.84855570353807,0.05834597934274824,81.02761942822387,2.9154574066127283
2019-10-08,8182.251593084191,180.14424760253544,0.27404731181340763,0.041318057854402464,57.51084192039776,16.064787752520967,232.93693551733466,0.060914048329806104,84.03849574236878,3.1864089415899692
2019-10-09,8180.69113018462,180.78979326727546,0.27688640983111695,0.041191998033769994,57.003822435163855,15.999440752637808,230.95567492138773,0.06157294371760491,84.03797214115453,3.156780822904523
2019-10-10,8573.060086448735,193.33993781390976,0.28087008491486865,0.04248072351463662,59.29914075318528,17.7717067476257,238.61206563613237,0.06313657469995346,91.7578511765515,3.2385784937570716
2019-10-11,8561.51932921772,191.04108656991255,0.27140043712616724,0.04162496906474528,57.486010559986006,17.565446473346064,230.23894234279112,0.06192658426953031,88.42941665479668,3.1130187451458897
2019-10-12,8277.848351085042,180.55244905183102,0.2678099641647878,0.040235605666570064,55.652322209386035,16.56807401757623,220.39457062132976,0.060318560095620734,83.63430232343235,3.0638552691837027
2019-10-13,8308.470967433434,179.94653567610214,0.27198566863407597,0.04041952993851232,55.736716131379815,17.235832679975076,224.2948552975663,0.059525627233155555,86.88312196070055,3.069730437141966
2019-10-14,8289.497236618896,181.2872472944888,0.2766027264822885,0.041190202085297556,56.49068792848673,18.25621591466084,223.84222645328234,0.06005417170259538,86.29720574408664,3.1032242720670085
2019-10-15,8347.350350085451,186.61606753146776,0.29589976050882405,0.041645500694088976,56.80576148307711,18.404843678815887,227.95972156426896,0.06484682888556384,87.0661808795328,3.1611975054273307
2019-10-16,8175.8631121051185,180.74563079187547,0.28804793955697866,0.039663940953829815,54.64600956175765,18.39617917788521,222.18915993935437,0.06413453870881633,89.26351065978164,2.964766509706095
2019-10-17,8010.3021797941665,175.05406935469742,0.283363566680175,0.03857763166375929,52.544376500174735,17.76674876061258,217.14278257823267,0.06217492420183975,87.92495219481751,2.9307745405855945
2019-10-18,8079.931459479744,177.4769186344818,0.30125493573300094,0.03930643410932984,54.941812296425546,18.50818812059558,219.7133579715905,0.0642733568177786,89.01710506594186,2.952376206606941
2019-10-19,7957.314093995798,172.88626058117322,0.29466321158463643,0.03805061129764288,53.20963328809018,18.213555330073554,212.14848022480362,0.06374942607209015,90.56795217647064,2.8804665833759895
2019-10-20,7949.802268609832,171.85241043187662,0.2914877406912295,0.03897290606281899,53.811606008422096,18.178637973531558,213.03847799111833,0.06287551897055572,89.84675813213666,2.8677724500114796
2019-10-21,8208.362621758712,175.21210857661558,0.2938813587229984,0.03948039340525086,54.86266064599203,18.439964868648946,224.605222573129,0.06315495148141247,94.93952389814866,2.918480544283136
2019-10-22,8220.91853113097,174.35449608806442,0.2922858993183195,0.039207768181643655,54.77495641609611,18.270884965957617,232.81264958113104,0.0637424777790442,112.3608777692459,2.926657834067097
2019-10-23,8045.294246807262,171.4265472158501,0.2908430268443793,0.038693172114020916,53.40538946864502,18.197304034770486,227.14596406192408,0.06267813895568398,105.9867857842422,2.897432623814469
2019-10-24,7468.5325324369,161.5840435929357,0.27381810772019327,0.03637923320687698,49.391154775199055,16.660830564258255,209.8273450128057,0.06008982011962676,97.19270325628025,2.712813598573305
2019-10-25,7433.915345679171,160.67839136074096,0.2760423928385034,0.03734878480981196,49.633298063671134,16.981693263705985,212.44349602044508,0.06012518660246805,107.00324124010517,2.7295787493491908
2019-10-26,8652.030029867461,181.45319156222183,0.2971700043832714,0.041097604308284304,56.92609778066944,18.56408198171964,258.9456919961315,0.06344395993018334,133.21915025377396,3.179923223758442
2019-10-27,9217.236031536286,179.53527008259897,0.2939846775607903,0.04061350545407733,56.74149203792975,18.863273715830854,252.51192886943622,0.06280458284947778,138.59408503257248,3.1346439228182774
2019-10-28,9502.020114436129,183.58089983827585,0.2967535004127484,0.04207839018309533,59.65838911583142,19.265593913477083,260.25282923535786,0.06398167205255222,139.9213961899394,3.324597725514329
2019-10-29,9239.897283779665,181.86179987269554,0.2948471211335502,0.04224665417638333,57.8573764236964,19.871274234837244,264.03581278867995,0.06454238288990348,137.79188992703698,3.286855313333942
2019-10-30,9407.163351459427,190.50596091786502,0.301284781710241,0.04331050537060143,59.72490779214682,20.673757550541676,288.2340260862507,0.06599824339627736,140.8926647988251,3.3969600803153175
2019-10-31,9171.874474054188,183.13375148673262,0.2951265556427586,0.041746574591392444,57.929834297757516,20.022760244978603,289.1646940874774,0.06461210270098977,135.02292399678447,3.2718301393614664
2019-11-01,9151.824594459767,182.75570124695298,0.294531579012004,0.041361454729798124,58.42352476932361,19.933305188368156,283.3597381387718,0.06472278861517641,128.95776291929323,3.2601547735319185
2019-11-02,9233.413801605904,183.064191451962,0.29165658626780633,0.042176822419817434,58.33337033723084,20.04647032727917,278.50840591041543,0.06832832238550418,129.3552690621898,3.3459109683855126
2019-11-03,9302.83461784109,183.21568174708486,0.29529726364440956,0.04245679316407893,58.35754576168543,20.204883887569107,289.8947005427332,0.07083913907813981,131.6762570816132,3.3244828206595636
2019-11-04,9204.286350451268,181.8244399622803,0.29054260422075967,0.04176896482416645,58.37448950920741,20.13726362437605,291.8313707772242,0.06904130802255773,129.16618740726483,3.2747031276024465
2019-11-05,9378.953914330921,185.76433086001398,0.298872721216486,0.04308818459413177,61.27516616276951,20.620731101504756,290.4027024923759,0.07437833167260295,132.05550469877255,3.4377406320203323
2019-11-06,9300.373963047077,189.16575518025138,0.2996909057585615,0.044165155155295795,63.013201157075756,20.6429763650443,292.2445540261995,0.08233661367864074,137.93685786057867,3.6116537155185626
2019-11-07,9340.048651574896,191.3004004540056,0.3090009497240582,0.044783257163617994,63.99897686487766,20.657758829943102,305.5207624402545,0.07781356755128818,138.99550264342326,3.6114422743169143
2019-11-08,9221.073784983802,186.81653195658674,0.29173271465291817,0.04347433198846476,61.429948951000306,20.40350094227934,292.33761309092375,0.07447373934249393,133.1056975455269,3.471726024397098
2019-11-09,8795.896069400225,183.6736227613274,0.27667504282700345,0.04220330628010057,60.38609231335982,19.65150237230482,276.77931985124854,0.07129692345735589,124.40720437921877,3.4071126102619917
2019-11-10,8809.78367388588,184.95814543107952,0.28006076959509285,0.042399051627971224,62.091477911475785,19.724033118326247,282.6306362239834,0.07311818844771252,129.97450012495833,3.489509245651133
2019-11-11,9043.673292397065,189.04498222352015,0.2798215930424,0.04384750361343306,63.68900340407829,20.459061350938924,293.2877798679336,0.07878045005240826,134.48248378074595,3.5836534051298257
2019-11-12,8729.917418490728,184.839873654298,0.2746914080805309,0.04315162007716826,61.68525412268236,20.106983244842056,286.35874120139147,0.07968534103299399,131.26733986509294,3.438474082603657
2019-11-13,8806.751998954014,186.8659398462863,0.2721772769946853,0.0436903214677948,61.19324551856555,20.8702225038281,288.79986804342514,0.07670117653785645,131.8630853933882,3.47819377517331
2019-11-14,8770.78082523136,187.84288849379362,0.27187109935630743,0.04333044842113522,60.90596762374031,21.32174236869294,285.2926124829897,0.07611478610854627,129.2289468149947,3.4663401876292728
2019-11-15,8652.025288272329,184.78830689468228,0.26856549757644416,0.04284484530888767,58.94985495402562,21.282928448937206,277.72531243993234,0.07390342697479779,126.09007984296422,3.3955168596625263
2019-11-16,8480.435541874604,180.16871140792335,0.2615442322498581,0.04395462414292063,57.61720241110998,20.29927103181429,264.09840794643435,0.07184882476871328,123.63322468031768,3.3343463445428543
2019-11-17,8496.376959145864,182.63065416042576,0.26237988779723864,0.043909482514101976,58.38323735757095,20.182283399603772,265.60741047322375,0.07144735748093244,123.65556587967512,3.380290053521763
2019-11-18,8508.499434051764,183.9879638750186,0.2634004405345416,0.04503353305919832,59.24446830039255,20.09585979748175,266.25196345733576,0.07194597637740285,123.54256641180876,3.3959523891162036
2019-11-19,8202.834446107912,178.3855993731378,0.2530251620546223,0.04327868283242252,55.96724968717429,19.091819056623912,247.0839646578628,0.06726700021516052,116.37355258740318,3.1861695877072496
2019-11-20,8138.831605359057,175.8204845763924,0.2543407625786477,0.042139784236259845,55.097494224051935,18.48443827957682,241.97238357025103,0.06535858595231286,109.47030217009525,3.1173677726659994
2019-11-21,8095.865638011639,174.80445727797053,0.2503667127922819,0.040953342204618375,55.00541053687145,18.09425437978215,242.48783617229182,0.064048806123083,105.7618940806757,3.0835212747760976
2019-11-22,7632.494765498649,161.15147727923085,0.24354349554680102,0.03845543217357254,50.6619759617372,16.787903970858903,226.16917436222872,0.06085222307880622,100.32609820061734,2.822075990254611
2019-11-23,7293.013949172297,149.92569206419535,0.23166707238611148,0.03710515425629251,47.63872421715349,15.525739710711209,209.04678475851233,0.059824516859180776,96.93860798353627,2.621570576618809
2019-11-24,7309.689243566324,151.96608493452732,0.2336667887350819,0.037901251811856156,48.15305573738831,16.2671480543109,214.91954439675266,0.061078440043651476,107.95971665877741,2.6846489336192993
2019-11-25,6935.73862740252,140.24681084120735,0.22040516534837126,0.03513730599011359,44.00831420115766,15.05671664123601,202.59101082738,0.055958492084863,99.19737143275229,2.4229148328352363
2019-11-26,7118.264883393205,146.34618694453036,0.21869284569131184,0.035956369261980266,45.68331196386117,15.190301378096823,208.73386180189652,0.057476134638850894,103.9758435120802,2.5312854965245517
2019-11-27,7157.684731054473,147.57506848968612,0.22021257541061043,0.03667455706244554,46.90301696526966,15.315763044273119,211.41343601976158,0.05774511029604709,106.94372878961028,2.6134863358176172
2019-11-28,7483.754192176799,152.615068348219,0.2241536255514911,0.038830680754972834,47.70161169046006,15.960055463126414,219.1191597605189,0.05851421940745567,107.53827835034438,2.675358424891657
2019-11-29,7438.621769308849,150.91034572010813,0.224247140002094,0.03908387074181357,46.84266184224713,15.561385420788126,217.91667411927887,0.058165263631788096,105.50370894167308,2.624385736745677
2019-11-30,7720.865011260837,154.25530586508248,0.22920653638723604,0.041182255001463566,48.587406994832754,16.155944138818402,223.8040325965162,0.059087423351989,108.93685062203323,2.788113769654818
2019-12-01,7556.397585815771,151.73585404476006,0.22612316595208198,0.04038258414470136,47.263625629951974,15.706698474503671,217.10140444914396,0.057557713291837516,107.14474972453256,2.750594915457917
2019-12-02,7405.808478752477,151.02315688624967,0.2246781041456338,0.03952578207954416,47.59650803649381,15.45494979771074,214.7600142707508,0.05736484839340451,104.03603010732202,2.7764342335655043
2019-12-03,7308.982444423794,148.86726798663648,0.2195849101640445,0.03806227948306808,45.53208922752043,15.14311898663581,213.70694637939135,0.055970207066116086,100.36095282811273,2.6780661692745156
2019-12-04,7286.080951511441,147.12795176955626,0.21925213614089303,0.037745739603044205,44.78540615543267,15.244517419197557,211.63168393997478,0.055749629482218406,95.38220951201963,2.69163438086849
2019-12-05,7209.971417454778,145.40170953026762,0.21486021288219878,0.037181515915395924,44.635429483732395,15.126556211344072,207.56340039205705,0.054861355434662806,94.67607366339082,2.629573362171561
2019-12-06,7373.782498577651,147.79749210977155,0.21955436751663168,0.037522206612805455,44.789301976706824,15.646634606310384,211.43040039436434,0.05534481870280432,94.84104984584815,2.682347671645913
2019-12-07,7530.922830404948,148.60569815279229,0.22469071553602393,0.03815189761484911,45.35981266199468,15.67247345886485,212.82231855025532,0.055419449151784414,96.55866328498944,2.7292081166151565
2019-12-08,7493.545154556748,147.1457864691915,0.2265675612675488,0.03843096604389336,45.11634914386131,15.569021541425807,211.0027807328053,0.05540185646484978,95.57882120739792,2.7207235838779247
2019-12-09,7508.315669139108,150.2924488050236,0.2288273452266773,0.038668513328333716,45.5047563045469,15.579235690297716,212.72183756811788,0.05566777064513784,96.82135489830728,2.7372181511248965
2019-12-10,7347.036951245358,147.42926132729735,0.22425809466687757,0.03737145064010286,44.42830086843323,15.327630304627986,208.36524671263484,0.054570648067956404,95.17064819492575,2.6579497493235125
2019-12-11,7233.950487171398,145.56867918491014,0.223029837562323,0.03640527577039115,44.1107213190501,14.80075107726018,206.73391220148733,0.05310873285126987,95.56262455581002,2.6044770193462132
2019-12-12,7197.426825880834,143.12297867633916,0.22121757155908783,0.03654126732327265,43.58756241153421,14.749627646983393,206.18015851323753,0.052757338999039324,94.5058456648175,2.5734490251411515
2019-12-13,7200.7070180298015,145.02592545573296,0.21866369382763226,0.03644246147404853,43.72602330571635,14.713131417378417,206.49008975238402,0.05207711554315452,92.61763010215479,2.586082625972455
2019-12-14,7247.350277010915,144.6187808332106,0.2202734548796847,0.0369820831989132,44.3409650444387,14.810220741564805,211.4267961345968,0.05273943148097687,93.18541118289984,2.620747129212632
2019-12-15,7081.740255265727,141.84486515951662,0.21616494400791345,0.03629930549531227,43.27902129963441,14.367813089313644,206.22857887698348,0.05092461576874974,92.58780326003769,2.5665018027287183
2019-12-16,7108.563021778046,142.21086918955265,0.21759116379788443,0.03639416759474578,43.46519641756044,14.355063424677494,207.06872634926356,0.05098524701268711,93.0672633744356,2.563035392916319
2019-12-17,6901.036915336086,132.72274321129302,0.20673040283397381,0.03415195726700481,40.01510786208894,13.453104925231127,196.41851161672298,0.047283589637749916,89.0506942950029,2.369889485262359
2019-12-18,6627.162514553135,121.770107290006,0.18560999708994821,0.03178175156971633,36.97768954451543,12.355426118876021,176.56523647932877,0.043605752162973646,80.55772814817176,2.1972408700342307
2019-12-19,7274.768503792503,132.74136111736684,0.19550694359326068,0.034291358200694386,40.806694312951244,13.491954853443334,189.1113536132325,0.04684937619329965,85.92152573022632,2.4593654264770954
2019-12-20,7152.558691632884,128.0791538700726,0.19003622481374205,0.032983787593688675,39.64559521417565,13.307270666913366,186.2283459429641,0.045218135929620845,84.5614870762847,2.448437905506556
2019-12-21,7185.439179630756,128.2701941791178,0.19412847133390698,0.03389300095412184,40.17824038501184,13.499499415457134,187.21036598500282,0.046268891046354045,88.23324921686918,2.4864026668682135
2019-12-22,7141.554857046259,126.93287325611249,0.19314187900428673,0.03304829089300679,39.70134642319314,13.289084412414692,186.0496929747159,0.04569723610967835,84.80071388632598,2.442219584575071
2019-12-23,7488.196174601466,132.17746965077103,0.1964041103252563,0.034285074571728094,41.938737272848485,13.805614621722423,196.3089551541009,0.04731627913735368,88.1882913818601,2.534689923246762
2019-12-24,7335.207616177015,128.16997170630987,0.19052743643995887,0.033123126636812175,40.71217530962799,13.314382463392782,189.93029417792064,0.04512369404015664,86.02987447134115,2.516131575318777
2019-12-25,7266.60819662888,127.72559890360142,0.1902105407283241,0.03384022560395813,40.38507581523571,13.318980337418768,188.22336480035594,0.04514498681453119,86.7321918138249,2.5336589881346714
2019-12-26,7204.1848756885975,125.01870585042732,0.1887222986575721,0.033355781449359564,40.12792390456115,13.07505080457795,185.21261654756137,0.04440904866994691,85.86025759325523,2.480634127221416
2019-12-27,7208.489307892152,125.61458431453704,0.18961403378778133,0.03411089125585243,40.036385371357994,13.142355683940435,187.64001059876057,0.044780339837272434,87.34885086280896,2.5184117757340427
2019-12-28,7247.62371236525,126.32718018933488,0.19000943278035307,0.032982446135028154,40.95049538181734,13.278340435460915,203.0034827834334,0.04583760803634332,90.05940380492183,2.569291131585626
2019-12-29,7307.887522683333,128.0669874384903,0.19309731185296622,0.0336692203576147,42.832732385615074,13.671553543014133,206.96142659096293,0.04594300504983245,94.4503578301005,2.6299051234140847
2019-12-30,7394.029285530991,134.3236471998861,0.1962650992171923,0.03411735080217509,43.149777074597296,14.107027867793489,212.6598466456155,0.04631038466253083,100.15449819964216,2.686365170684421
2019-12-31,7240.4289122518185,131.4621363838881,0.19316615940492496,0.033403846673479655,42.36779063583593,13.853563909099083,208.28805774192895,0.0455769253560949,95.73269949822217,2.6213976558111907
